a3=[2:2:10;12:2:20;22:2:30]